5.0733982389175E-05 0.00577925830478022 0.00368419284948367 0.00477766567075569 0.0049811315406073 0.00859241047833154 0.00567023646236454 0.00252799296906488 0.00814142292646529 0.0127695706593344 0.00250346137964932 0.00146235763411047 0.0119878984355476 0.01712991147876 0.00281387661826394 0.00109712325096115 0.682318401014366 0.00683557306981906 0.00187204193240286 0.0257781672515715 0.0369074684641541 0.00319947875746574 0.00941983069610966 0.00211461672932229 0.0958859462298555 0.0115492665631446 0.00197677791532828 0.000490619231920324 0.0244985062845741 0.00318406121909687 
0.00589658679896076 0.143854782307137 0.0401422835718362 6.87129548811963E-20 7.01795869856711E-27 1.14518714561733E-15 0.0243429903867893 0.0515163157743763 0.100619451922829 0.0714335414669287 0.104653855827765 0.0389211075800496 0.0683147156722111 0.105396947199524 0.0552577160669886 0.000708158899425 5.90684388946112E-211 0.0217379788501723 0.0241191861068081 0.0355245594878907 1.48180927058884E-87 0.000140916306399481 0.0307513582950218 0.00612940505038285 2.71516606017088E-63 0.00956455226363889 0.0204663537983276 0.0192649336311603 0.0133713103259442 0.00787099240943099 
0.0129428370848693 0.00465352872733856 0.00356387664074978 1.05222768475275E-17 1.60298270072284E-22 6.53295249024595E-14 0.0083207144735515 0.0107708723824558 0.0529474640173225 0.0708001377278879 0.368018041420481 0.02976846872353 0.0274301512336746 0.0408554648873259 0.00512835794141639 0.00342208182839104 1.0382802632488E-106 0.0555444141483862 0.0149708400907619 0.125467051118908 3.88600213501652E-66 0.00190301498984445 0.0109154184993866 0.0142043239440157 1.79533623277692E-51 0.0308625220431449 0.0373830974372629 0.00195824221052463 0.0626079513926208 0.00556112703608389 
0.000359559734817743 3.1270549742215E-20 3.24300940422866E-18 0.134725659051167 0.23168843105013 0.0184852382546677 1.4216769691046E-13 1.33426756205867E-07 3.93626708661816E-16 4.25313661245241E-14 2.13878932611413E-18 1.25208143122353E-18 2.99480695174786E-16 7.84258126154727E-19 4.4735056109462E-16 3.98004985537898E-14 0.385947074185252 2.54896092084104E-18 9.13007317389921E-12 2.74246842433237E-16 0.0669734792664815 0.0307491409403707 4.83552852897635E-18 6.90381142644369E-07 0.131070593564342 1.35373261879539E-10 1.05459412087464E-18 1.43222407054797E-13 4.96308956724652E-18 3.1510454969852E-18 
0.0200778327851231 3.21581796292036E-26 2.02689570333289E-23 0.0804055297078429 0.0310335338242228 0.0684617613620234 2.52048046962146E-18 2.47939317859935E-10 2.68007631486874E-21 2.03474235702716E-17 5.34414996278718E-25 2.88686794401451E-25 9.16521602910432E-22 8.41233467191894E-26 1.00680898263171E-20 8.21498869190525E-18 0.664535463482539 9.5841628564298E-25 8.01660707286616E-15 4.6468377712611E-21 0.0729811572085553 0.00503783338839318 6.83372859862299E-24 3.39051649820494E-07 0.0574665489412315 4.71707731976921E-13 5.56493207621501E-25 4.77404855636867E-18 2.60769345648852E-24 3.54106991034475E-23 
0.0550381150920312 2.57889184323059E-16 9.39589385024068E-14 0.0760976363542318 0.0539986200648961 0.0482257890730456 2.06270455187153E-11 1.59302640165577E-06 5.15641045665255E-13 8.2626548420993E-11 4.96638622935564E-15 9.66332131664652E-15 2.91341768575985E-12 8.34182745562002E-15 2.15158455930323E-13 7.93423009579108E-12 0.329693062763321 2.67332245388182E-14 2.81556068830296E-09 3.88906799579242E-14 0.108017824555076 0.0212146995583995 1.70263260371821E-15 3.39988564905058E-05 0.307678653278848 4.40340376115053E-09 1.24974551216201E-15 4.30989981035953E-11 1.17669427546323E-13 5.96660878702835E-14 
0.00872568552059808 0.0612886756370376 0.0393984782617698 1.18232433797153E-13 2.11851653766147E-18 5.14328227538412E-11 0.0164792429127222 0.0108647338193178 0.0846071287887822 0.0437677711958318 0.103163134013793 0.0701856219946827 0.013999874123591 0.199460128238255 0.0265259564905795 0.0025202299572696 1.39426324024182E-63 0.0443544948315333 0.0112598675527872 0.042474803519133 2.88333519937417E-45 0.00166640509414578 5.36500500193259E-05 0.0160573843165109 5.00355382483965E-36 0.0260569512588385 0.0488133106021566 0.0318444581533209 0.0794317753172201 0.0170002382985528 
0.00868738698149854 0.0558221630579303 0.176355055484858 4.64367738474139E-08 2.68089981635208E-10 1.22479738999309E-06 0.0434225267567271 0.00988936398874086 0.00101085154569664 0.000716430379652917 0.00934191262608455 0.109757566682566 0.0106913153394726 0.0252322650141662 0.0025192593903552 0.0915049305408575 9.99924134167561E-26 0.0346045452362243 0.0561894592317376 0.00984880391790668 1.04047963602719E-21 0.00739436830681933 0.191844197651386 0.0112991782666944 1.22308054580685E-17 0.0254479760025796 0.0240756421351072 0.0685745769657304 0.00878938580382831 0.0169795671911262 
0.00436985000181597 0.0228324109806876 0.0276215638839306 7.20444989155567E-16 2.40647541263148E-20 5.70947206599307E-13 0.0746733888683852 0.0553713574182135 0.104173562794724 0.034948482921643 0.0769816948731744 0.00593219928779505 0.0383164475691104 0.0420654411611979 0.112142461262681 0.0335415285841185 6.88249535640837E-85 0.0603103909831801 0.037717574623312 0.0313925620608715 1.84717307248675E-56 0.000490353689545086 0.0706816676751958 0.00633686152800752 5.44110628127666E-44 0.00332056549920233 0.0479332269940822 0.0773744787621092 0.0173991105568783 0.0140728180195669 
0.00793367520096752 0.0256633669823976 0.151215124993614 1.92193262046888E-14 6.88179628352892E-18 2.71246755634508E-11 0.00779307433926377 0.00248800412996153 0.052618469885423 0.0441858222960195 0.016319820620233 0.0867352583294459 0.0366835806520653 0.0347415541744848 0.0454374296149162 0.0777989247546405 4.53472946448074E-64 0.0422159403403557 0.0196338991493395 0.0363777560567139 2.12245668628459E-45 0.00241192928512739 0.101572159988506 0.0177720288017796 8.5667223602875E-37 0.0146590774412923 0.00557825886344026 0.0978772430016204 0.00703372552609388 0.0652538755451546 
0.000717248385180238 0.0207316005729862 0.116247383903153 1.18885627649996E-19 1.37585434974815E-26 1.19419296189472E-15 0.0176962862496656 0.000171906665341516 0.01211272200022 0.00104303810395171 1.66125121933538E-05 0.0115613297078517 5.27788982297168E-05 0.000418016536382019 0.0821565914774344 0.33892590937138 2.0297923230966E-197 0.00174185307685244 0.0366950558315974 0.000494311392170521 1.01748117562765E-85 0.000962919691506449 0.116308499262034 0.00103076648580912 1.4487006291635E-61 0.000168382970706217 9.34008388042826E-05 0.222122654962002 0.00415528949089231 0.0143754416136541 
0.0427864094383074 0.123182029143141 0.0593849535213886 1.46467112527842E-18 9.96020224566921E-25 9.16682496847163E-15 0.0100175733998262 0.0317150222201895 0.0209742748255423 0.000432115934598082 0.0590552001398351 0.000406621904927859 0.0676371041249026 0.0704500544214719 0.0601139808006066 0.0969649357169904 2.07542134701893E-163 0.00633674591943042 0.0525399353438408 0.0414772145783201 8.14146173224562E-82 0.000474981705959637 0.0506315870147167 0.0544980658745863 7.54307670862816E-59 0.0089423277234106 0.0348811896794509 0.0128222801047012 0.0242980021319721 0.0699773943318741 
0.0274801252388334 0.0206038302528285 0.101657799683331 2.83408008315964E-16 9.81899300088265E-21 1.22321325537336E-12 0.0466681301001071 0.00169883560337689 0.0507045568009386 0.00309907614925809 0.00457240542444343 0.060631452787092 0.0131409524105159 0.00355572165331778 0.165878956828957 0.031146733098631 1.0713078696522E-93 0.0143408254158432 0.029439881804391 0.0167086219438874 1.32267377042319E-60 0.00199663458530772 0.150016281729087 0.033521150347039 9.47981913439699E-48 0.0108705323333011 0.000249329544860467 0.162384978131976 0.0288248436787193 0.0208083444527329 
0.00146788284441383 0.0941352471650896 0.143100712057675 1.44724527816161E-19 9.18214301811427E-26 7.13731705412806E-16 0.0602119727342338 0.0038298668059673 0.0239943096070213 0.00475722138696717 0.000753323019094005 0.0193087972073859 0.00403048881010087 0.0129796992942037 0.217756014249571 0.147638694106469 6.5249534788125E-177 0.00401457542165967 0.0456338801450557 0.00199873928930778 7.61436636710794E-84 0.000763328499812872 0.0480186316940827 0.0113929946750633 3.15563842710965E-61 0.00111883074695352 0.000858055246216818 0.119391778229839 0.00148606546162619 0.031358891302189 
0.0153010452153552 0.0792598758000803 0.0263293178642121 2.55704848204098E-16 1.1829543104295E-19 3.39800998323167E-12 0.0565289849548279 0.0290537737846907 0.0225377452493672 0.00677038826579 0.0597406320471636 0.0447643395853843 0.110523107267807 0.149603032039973 0.0170825175823671 0.00583209358794601 1.68074678287117E-79 0.127184292312496 0.0259260209024659 0.0497419996123578 1.89531680362721E-54 0.00145945100780384 0.00270765506003954 0.0305545192304314 1.08570857610431E-42 0.034667930253638 0.0204200948957961 0.00260995654492343 0.00524681783658611 0.0761544090950998 
0.00442667542507344 0.0133781013150748 0.00315222236261471 7.26061369507977E-14 2.26335821490294E-18 1.43310160425007E-11 0.00416903818799864 0.0215081206261555 0.0213534465918694 0.00189403110424164 0.4481201218422 0.00643645919542439 0.0333598974708821 0.154359665198943 0.000120156427593732 0.000382346428471722 6.26131988372686E-58 0.0100063871871788 0.0010872064040159 0.086036095514866 1.15327563774486E-42 0.000595308128008803 0.004295509283482 0.00245015582523305 8.67596288347994E-36 0.0184498826588801 0.0931414934086852 0.000245531825664728 0.0496993717656715 0.0213327758073681 
0.166607322296835 1.06126116026567E-212 6.11914821059146E-107 0.164822527017604 0.524315619502361 0.117721784565636 4.82990150266031E-63 5.92205519804732E-26 9.56454261471465E-86 1.73255559968367E-64 1.89008946505576E-196 5.20329463004939E-163 5.97106503546834E-94 5.96734122245348E-176 4.42569128347605E-80 1.21315585247825E-57 8.88209294947288E-90 7.53983661767918E-147 2.22457960517649E-45 9.83211715725555E-100 1.10855481433995E-19 0.0130173930223943 9.77134550012222E-123 5.11021734718332E-16 0.0135153535951695 2.03489747587036E-42 2.68931011490181E-229 2.46538134488E-61 1.0661409500473E-127 3.15730006579883E-122 
0.0785534682308131 0.00795647447787677 0.0142711354909345 3.36444579916735E-18 1.51818817752641E-23 2.09260832893954E-14 0.108707935840214 0.0379441202274005 0.0232016036196771 0.0378206630885461 0.0163547215758773 0.0156330945114485 0.00338647362135614 0.0519552628691574 0.110027174458615 0.0479307501995419 1.22643208151106E-146 0.0193188260651866 0.053460125526459 0.0341572694689639 1.69378612347784E-78 0.00175742853042285 0.0449192906238549 0.0778657798134162 1.33952763858456E-56 0.0064917733513604 0.0112657520665507 0.132861189190444 0.0213546076167611 0.0428050795351005 
0.00783601330235655 0.022834152068817 0.0153589813124011 2.72670159558536E-13 7.58298398320731E-15 3.42064204527389E-09 0.0194361390924983 0.0229161035342521 0.0541666783838026 0.041495466367386 0.0896171425353519 0.0381024998877457 0.0869681100524287 0.220735107083009 0.0100168006482264 0.0030768807822944 9.06450070572057E-45 0.0435781579753963 0.011893068616509 0.0265792588177713 1.15231307843384E-33 0.00302274405046568 0.00618551839533099 0.00423058895405298 9.70337963360178E-28 0.0336311381528362 0.146117096379935 0.0120045278289335 0.0266827939475439 0.0535150284097332 
0.016492896128516 0.100173859804211 0.160220715564079 1.15733209375839E-17 1.03346519579359E-21 6.96770287033093E-13 0.0124140390311008 0.00558362202892932 0.0358021819089818 0.0053779426878941 0.00282525673902396 0.00968706295051613 0.0106067198950449 0.0156986861729756 0.0816204466813745 0.173643496014638 6.34776124935289E-99 0.00977917427040419 0.0522435685813925 0.00893176497580373 1.84923614476077E-62 0.00650731435705957 0.111835288616028 0.0339409605329409 8.37079236455066E-48 0.0113890800587699 0.000472566961111455 0.101051879732692 0.0133429554580855 0.0203585208477312 
0.380098325460366 1.68706436350902E-87 6.03334673206124E-66 0.231528816342601 0.299754891785154 0.0229081669652349 1.46773714048282E-44 2.46628995734853E-20 6.93797815092153E-57 4.89126698906572E-45 9.54910788418429E-85 4.77922547263507E-81 6.04593832167658E-60 7.12210065136276E-83 3.16273202373384E-54 2.77611109143713E-42 3.94620103132091E-19 5.56127786169815E-78 7.94274239541434E-35 3.74739551748E-62 6.22966043820266E-07 0.0542580855347667 1.50849734981374E-71 2.26022489391756E-13 0.0114510909456081 3.60491062681103E-32 3.67276447119612E-87 1.27794645611503E-44 2.02494218578272E-72 1.17909828317695E-71 
0.0459280996959144 0.000779775104684046 0.00286742876260141 0.0438253751384492 0.04610461196515 0.0833967063735452 0.00378255083337367 0.0330837284660487 0.0133904363368967 0.00704082238288269 0.00909580872715247 0.00302881644182774 0.0301137930600569 0.0351992145364386 0.00205809777563284 0.00862781091632091 0.143518946474516 0.0194051871338827 0.00561822084889232 0.026380744221536 0.0591364228241614 0.0118712387101984 0.00834302057681413 0.0245869342180584 0.23318272859984 0.0204479202503608 0.0474793763236322 0.00691005574143151 0.0210305866373831 0.00376554092231708 
0.0242693839142369 0.0107834449931304 0.0118117404758389 1.18899749317574E-18 1.10126764485146E-22 9.39144398043409E-14 0.0305160555047587 0.142757670804924 0.039906358391508 0.0386894454875354 0.135987903382336 0.00405932735647836 0.0336166555704168 0.15828357801047 0.0144775127621582 0.00762332643206044 2.22113926430736E-122 0.0256037179690444 0.00726736633208058 0.129450790984091 1.65584067496315E-71 0.00191926819934752 0.000319863485128069 0.0339978335122121 2.10165303486572E-53 0.0458252688877734 0.0653505791955203 0.0111641658401306 0.0200508395192423 0.00626790298948349 
0.0110291674243238 0.0174980948960696 0.0327363739946238 1.7634534476446E-06 3.06306424238099E-07 4.88433782210521E-05 0.0208029730283808 0.021990070713805 0.055264754076846 0.0378423484115719 0.146068082709156 0.00247693291096536 0.0688569264348909 0.146730284777974 0.00184995909991616 0.0244349865478372 5.57894053312211E-16 0.0590497601287213 0.0296685449731297 0.0992162557218997 1.77146825275536E-13 0.00716647602578921 0.0558391068447078 0.017541719306811 1.38591886505192E-11 0.0372382685050702 0.0231078631830636 0.0178628459970418 0.00100703027278605 0.0646702608624902 
0.0872457299477186 7.23235409219712E-64 8.61827197478458E-51 0.0499011454346667 0.329278034612546 0.324770037145532 1.89464422378766E-36 5.4850921799955E-17 5.48588169397164E-44 5.21565130801679E-37 1.0941983405372E-61 1.17532684817655E-59 7.02060070872256E-47 7.67431162351597E-60 4.83319325156949E-43 2.59649579729678E-34 0.0442333461820282 1.04516492672397E-56 1.2447653335939E-27 2.63046599015071E-47 0.0114375214037949 0.0734678462108953 4.87632301285318E-54 2.25153806187438E-11 0.0796663390403025 1.17926614164226E-25 9.36597748066918E-62 9.93711035434387E-36 2.86762984969161E-54 1.99221923727613E-53 
0.0604675713630225 0.00785341378157086 0.107938486240296 1.73971682372609E-10 5.24344355793059E-13 2.8902711428955E-08 0.0520494615796512 0.0291277124165174 0.00644007899244539 0.0300760953582224 0.00646565468782806 0.00423682424076612 0.0274007920087059 0.0324238237565831 0.0785996980188697 0.0722954790928198 8.4924854123809E-42 0.0533160560379385 0.0902374026132303 0.00365718702521379 1.18606235752102E-31 0.0168989869308118 0.0665782940968216 0.0408168045855858 1.3205390689439E-25 0.00595290306251191 0.0349455359442368 0.102212674449067 0.0136454160971313 0.0563636185429453 
0.0294880762771699 0.0487367046200609 0.19282377706963 4.60985851928129E-19 1.95448895691272E-25 3.48285382952764E-15 0.0302507926881102 0.00384661180717888 0.00100682452669383 0.00722091604426564 0.000211374962835899 0.0153112925214081 0.00326495561134596 0.00103639043716653 0.236646723676965 0.215990895943953 4.934151642561E-229 0.000176933499484839 0.00959316460928952 0.00362442570148439 8.6983859697612E-88 0.00321895123694733 0.0300276735406193 0.00773603057039063 2.28633381133672E-62 0.00111044591525718 0.000240467887163202 0.153517515020858 0.000480175262128203 0.00443888056958933 
0.00521452970870357 0.0238115622413097 0.00430478365154639 6.98342963378009E-14 1.1847839642649E-17 4.80689303853194E-11 0.0150906104128335 0.0480043470516337 0.010646434630059 0.0602382850330066 0.422963581384965 0.0333293581277714 0.0758241808049341 0.0334831045293415 0.000412336553821861 0.0011296576347662 1.75079956005544E-61 0.0233526983439612 0.00611868138244365 0.0648013775429241 8.49192966981792E-46 4.59359329406171E-05 0.00633551179649294 0.0112132151324296 4.90973513799886E-36 0.0175861037797825 0.0649652705649505 0.00422321372869384 0.0562968777285542 0.0106083422539958 
0.0102956914718649 0.0410566698684375 0.135635015587559 3.70293933517852E-18 3.52795845584987E-23 6.55847128980413E-14 0.0839970752489716 0.0373379999249366 0.0613564780088826 0.0329276284674155 0.00460837428540438 0.00211152999827639 0.0270504447286619 0.0552437629602766 0.100470494223978 0.0235224494938093 1.38964919805099E-127 0.0139911575159234 0.0758334904112244 0.0116985753361559 2.00707269357428E-73 0.000678399163092416 0.040727452242605 0.0492085969666424 5.45771875227062E-54 0.0131306117642567 0.00361458618221772 0.0526013030646747 0.0306701307986076 0.0922320822860595 
0.00728975702561612 0.0821130777272879 0.0716215498360918 2.17520622835547E-18 1.71345544992366E-23 6.14473497572575E-14 0.0804657607236031 0.0507702869041036 0.0295464654379852 0.0396603194687495 0.0604166498912779 0.032763256182929 0.0387472328195771 0.14166797267422 0.00967191743347019 0.0792645827208408 5.46280732133727E-122 0.0343853603349798 0.0577489028628013 0.0102516019521949 4.81698513929773E-71 0.00265623488987125 0.0412713870752314 0.0066787955675314 2.6673770485498E-53 0.00709970951892976 0.0356371088897432 0.0201856153323513 0.0155595125489843 0.044526942181568 