2.37364297523126E-68 3.91697903680196E-69 2.23236310917319E-67 8.16485378255044E-12 0.999999999991835 
0.208731949087912 0.784061107416025 3.98439234793307E-107 7.28646329106029E-107 0.00720694349606277 
0.0205981498968886 0.848898859769133 2.92138536007904E-113 5.42597233238947E-113 0.130502990333978 
2.67680678212945E-60 2.56275531066219E-60 1.99162777954415E-28 0.258822877115123 0.741177122884877 
1.2326018089911E-88 6.3683911214644E-89 1.49393504492811E-49 0.349308858079354 0.650691141920646 
2.16259598475595E-61 7.87932168948854E-62 4.45328279898355E-23 0.179089583612061 0.820910416387939 
0.139324534782916 0.545670135241637 1.85630355672958E-106 1.128087357387E-106 0.315005329975447 
0.351424046090631 0.0131706150645 3.61706730555613E-87 9.23494750031759E-86 0.635405338844869 
0.355042656372948 0.44255556171538 2.51526946391117E-88 1.13116428071388E-88 0.202401781911673 
0.538456372121683 0.15735956721911 9.87243633440199E-86 1.00523084173864E-86 0.304184060659207 
0.984886720654531 0.00171334868602815 1.06837488230814E-73 3.98500225171785E-73 0.0133999306594406 
0.342753044138936 0.620421756223473 8.74328035839796E-81 2.13822682755618E-80 0.036825199637591 
0.732801025053795 0.100168654076217 1.47235503804217E-75 5.79509073909522E-75 0.167030320869988 
0.85881104407972 0.115168659158981 5.46148248347069E-79 5.01171823879351E-79 0.0260202967612983 
0.0230581104514182 0.755010862596895 5.79744196266633E-125 3.61893002087509E-125 0.221931026951687 
0.000695343388905606 0.653327038627965 4.94397417415816E-146 2.28870211332972E-145 0.345977617983129 
4.49119395566134E-15 1.58561416018737E-16 0.893704068121501 0.0952585055852592 0.0110374262932351 
0.594924599629701 0.35124410274988 5.03937667197427E-66 5.15884508329011E-66 0.0538312976204192 
0.0544694524600393 0.5026078954339 1.08327197976767E-107 1.66909401557015E-107 0.442922652106061 
0.77726821678503 0.0723427074438081 1.97277033140032E-73 2.17819356049248E-75 0.150389075771162 
1.03662310228682E-14 1.61606241943391E-14 0.299879124366027 0.518589209673852 0.181531665960095 
4.40214845885611E-32 8.36010798929268E-32 2.27464853177774E-24 2.80839392535811E-12 0.999999999997192 
0.0357908074166238 0.872849859964651 3.09243750364882E-88 1.55120083086983E-88 0.0913593326187252 
0.0918314397846394 0.137076822454761 5.99375006903412E-91 2.25576527135638E-89 0.771091737760599 
1.37986532400566E-22 3.2655714175279E-22 0.000279953196669085 0.676900908009069 0.322819138794262 
0.485692577497871 0.0557427957759627 1.2761076474259E-61 1.84234546668635E-61 0.458564626726166 
0.94824015987783 0.0503881132493841 2.35002337950932E-70 1.76909730606849E-69 0.00137172687278565 
0.00587750115175122 0.676490862774821 3.22371993359948E-125 2.43269823712051E-123 0.317631636073428 
0.619129447796683 0.298304658968437 3.14071593354595E-72 1.06450238752666E-71 0.0825658932348797 
0.295628704053194 0.60922462655775 5.49466287086624E-89 4.29743063282152E-89 0.095146669389056 